170,2007-02-20 00:00:38,121.216600,31.011800,  0, 45,0
170,2007-02-20 00:02:40,121.216600,31.011800,  0, 45,0
170,2007-02-20 00:03:41,121.216600,31.011800,  0, 45,0
170,2007-02-20 00:04:41,121.216600,31.011800,  0, 45,0
170,2007-02-20 00:05:42,121.216600,31.011800,  0, 45,0
170,2007-02-20 00:06:44,121.216600,31.011800,  0, 45,0
170,2007-02-20 00:07:45,121.216600,31.011800,  0, 45,0
170,2007-02-20 00:08:46,121.216600,31.011800,  0, 45,0
170,2007-02-20 00:09:46,121.216600,31.011800,  0, 45,0
170,2007-02-20 00:10:47,121.216600,31.011800,  0, 45,0
170,2007-02-20 00:11:49,121.216600,31.011800,  0, 45,0
170,2007-02-20 00:12:50,121.216800,31.012000,  0, 45,0
170,2007-02-20 00:13:51,121.216800,31.012100,  0, 45,0
170,2007-02-20 00:14:51,121.216800,31.012000,  0, 45,0
170,2007-02-20 00:15:52,121.216800,31.012000,  0, 45,0
170,2007-02-20 00:16:54,121.216600,31.011800,  0, 45,0
170,2007-02-20 00:17:55,121.216600,31.011800,  0, 45,0
170,2007-02-20 00:18:56,121.216600,31.011800,  0, 45,0
170,2007-02-20 00:20:58,121.216800,31.012000,  0, 45,0
170,2007-02-20 00:21:59,121.216800,31.012000,  0, 45,0
170,2007-02-20 00:23:00,121.216800,31.012000,  0, 45,0
170,2007-02-20 00:24:01,121.216800,31.012000,  0, 45,0
170,2007-02-20 00:25:01,121.216800,31.012000,  0, 45,0
170,2007-02-20 00:26:03,121.216800,31.012000,  0, 45,0
170,2007-02-20 00:27:04,121.217000,31.012100,  0, 45,0
170,2007-02-20 00:28:05,121.217000,31.012100,  0, 45,0
170,2007-02-20 00:29:06,121.217000,31.012100,  0, 45,0
170,2007-02-20 00:30:06,121.217000,31.012100,  0, 45,0
170,2007-02-20 00:31:08,121.217000,31.012100,  0, 45,0
170,2007-02-20 00:31:36,121.217000,31.012100,  0, 45,0
170,2007-02-20 00:32:36,121.217000,31.012100,  0, 45,0
170,2007-02-20 00:33:38,121.217000,31.012100,  0, 45,0
170,2007-02-20 00:34:39,121.217000,31.012100,  0, 45,0
170,2007-02-20 00:35:40,121.217000,31.012100,  0, 45,0
170,2007-02-20 00:36:41,121.216800,31.012000,  0, 45,0
170,2007-02-20 00:37:41,121.216800,31.012000,  0, 45,0
170,2007-02-20 00:38:43,121.216800,31.012000,  0, 45,0
170,2007-02-20 00:39:44,121.216800,31.012000,  0, 45,0
170,2007-02-20 00:40:45,121.216800,31.012000,  0, 45,0
170,2007-02-20 00:41:46,121.216800,31.012000,  0, 45,0
170,2007-02-20 00:42:46,121.216800,31.012000,  0, 45,0
170,2007-02-20 00:43:48,121.216800,31.012000,  0, 45,0
170,2007-02-20 00:44:49,121.216800,31.012000,  0, 45,0
170,2007-02-20 00:45:50,121.216800,31.012000,  0, 45,0
170,2007-02-20 00:46:51,121.216800,31.012000,  0, 45,0
170,2007-02-20 00:47:51,121.216800,31.012000,  0, 45,0
170,2007-02-20 00:48:53,121.216800,31.012000,  0, 45,0
170,2007-02-20 00:49:54,121.216800,31.012000,  0, 45,0
170,2007-02-20 00:50:55,121.216800,31.012000,  0, 45,0
170,2007-02-20 00:51:56,121.216800,31.012000,  0, 45,0
170,2007-02-20 00:52:56,121.216800,31.012000,  0, 45,0
170,2007-02-20 00:53:57,121.216800,31.012000,  0, 45,0
170,2007-02-20 00:56:00,121.216800,31.012000,  0, 45,0
170,2007-02-20 00:57:01,121.216800,31.012000,  0, 45,0
170,2007-02-20 00:59:03,121.216800,31.012000,  0, 45,0
170,2007-02-20 01:00:04,121.216800,31.012000,  0, 45,0
170,2007-02-20 01:01:05,121.216800,31.012000,  0, 45,0
170,2007-02-20 01:02:06,121.216800,31.012000,  0, 45,0
170,2007-02-20 01:03:06,121.216800,31.012000,  0, 45,0
170,2007-02-20 01:05:09,121.216800,31.012000,  0, 45,0
170,2007-02-20 01:06:10,121.216800,31.012000,  0, 45,0
170,2007-02-20 01:07:11,121.216800,31.012000,  0, 45,0
170,2007-02-20 01:08:11,121.216800,31.012000,  0, 45,0
170,2007-02-20 01:09:13,121.216800,31.012000,  0, 45,0
170,2007-02-20 01:10:14,121.216800,31.012000,  0, 45,0
170,2007-02-20 01:11:15,121.216800,31.012000,  0, 45,0
170,2007-02-20 01:12:16,121.216800,31.012000,  0, 45,0
170,2007-02-20 01:13:16,121.216800,31.012000,  0, 45,0
170,2007-02-20 01:14:18,121.216800,31.012000,  0, 45,0
170,2007-02-20 01:15:19,121.216800,31.012000,  0, 45,0
170,2007-02-20 01:16:20,121.216800,31.012000,  0, 45,0
170,2007-02-20 01:17:21,121.216800,31.012000,  0, 45,0
170,2007-02-20 01:19:23,121.216800,31.012000,  0, 45,0
170,2007-02-20 01:20:24,121.216800,31.012000,  0, 45,0
170,2007-02-20 01:21:25,121.216800,31.012000,  0, 45,0
170,2007-02-20 01:22:26,121.216800,31.012000,  0, 45,0
170,2007-02-20 01:24:28,121.216800,31.012000,  0, 45,0
170,2007-02-20 01:26:30,121.217000,31.012000,  0, 45,0
170,2007-02-20 01:27:31,121.217000,31.012000,  0, 45,0
170,2007-02-20 01:29:33,121.217000,31.012000,  0, 45,0
170,2007-02-20 01:30:34,121.217000,31.012000,  0, 45,0
170,2007-02-20 01:31:35,121.217000,31.012000,  0, 45,0
170,2007-02-20 01:33:36,121.217000,31.012000,  0, 45,0
170,2007-02-20 01:34:38,121.217000,31.012000,  0, 45,0
170,2007-02-20 01:35:39,121.217000,31.012000,  0, 45,0
170,2007-02-20 01:36:40,121.217000,31.012000,  0, 45,0
170,2007-02-20 01:37:41,121.217000,31.012000,  0, 45,0
170,2007-02-20 01:38:41,121.217000,31.012000,  0, 45,0
170,2007-02-20 01:39:43,121.217000,31.012000,  0, 45,0
170,2007-02-20 01:40:44,121.217000,31.012000,  0, 45,0
170,2007-02-20 01:41:45,121.217000,31.012000,  0, 45,0
170,2007-02-20 01:42:46,121.217000,31.012000,  0, 45,0
170,2007-02-20 01:43:46,121.217000,31.012000,  0, 45,0
170,2007-02-20 01:44:48,121.217000,31.012000,  0, 45,0
170,2007-02-20 01:45:49,121.217000,31.012000,  0, 45,0
170,2007-02-20 01:46:50,121.217000,31.012000,  0, 45,0
170,2007-02-20 01:47:51,121.217000,31.012000,  0, 45,0
170,2007-02-20 01:48:51,121.217000,31.012000,  0, 45,0
170,2007-02-20 01:49:53,121.217000,31.012000,  0, 45,0
170,2007-02-20 01:50:54,121.217000,31.012000,  0, 45,0
170,2007-02-20 01:51:55,121.217000,31.012000,  0, 45,0
170,2007-02-20 01:53:56,121.217000,31.012000,  0, 45,0
170,2007-02-20 01:54:58,121.217000,31.012000,  0, 45,0
170,2007-02-20 01:55:59,121.217000,31.012000,  0, 45,0
170,2007-02-20 01:57:00,121.217000,31.012000,  0, 45,0
170,2007-02-20 01:58:01,121.217000,31.012000,  0, 45,0
170,2007-02-20 01:59:01,121.217000,31.012000,  0, 45,0
170,2007-02-20 02:00:03,121.216800,31.011800,  0, 45,0
170,2007-02-20 02:01:04,121.216800,31.011800,  0, 45,0
170,2007-02-20 02:02:05,121.216800,31.011800,  0, 45,0
170,2007-02-20 02:03:06,121.216800,31.011800,  0, 45,0
170,2007-02-20 02:05:08,121.216800,31.011800,  0, 45,0
170,2007-02-20 02:06:09,121.216800,31.011800,  0, 45,0
170,2007-02-20 02:07:10,121.216800,31.011800,  0, 45,0
170,2007-02-20 02:08:11,121.216800,31.011800,  0, 45,0
170,2007-02-20 02:09:11,121.216800,31.011800,  0, 45,0
170,2007-02-20 02:10:13,121.216800,31.011800,  0, 45,0
170,2007-02-20 02:11:14,121.216800,31.011800,  0, 45,0
170,2007-02-20 02:12:15,121.216800,31.011800,  0, 45,0
170,2007-02-20 02:13:16,121.216800,31.011800,  0, 45,0
170,2007-02-20 02:14:16,121.216800,31.011800,  0, 45,0
170,2007-02-20 02:15:18,121.216800,31.011800,  0, 45,0
170,2007-02-20 02:16:19,121.216800,31.011800,  0, 45,0
170,2007-02-20 02:17:20,121.216800,31.011800,  0, 45,0
170,2007-02-20 02:18:21,121.216800,31.011800,  0, 45,0
170,2007-02-20 02:19:21,121.216800,31.011800,  0, 45,0
170,2007-02-20 02:20:23,121.216800,31.011800,  0, 45,0
170,2007-02-20 02:21:24,121.216800,31.011800,  0, 45,0
170,2007-02-20 02:22:25,121.216800,31.011800,  0, 45,0
170,2007-02-20 02:23:26,121.216800,31.011800,  0, 45,0
170,2007-02-20 02:24:26,121.216800,31.011800,  0, 45,0
170,2007-02-20 02:25:28,121.216800,31.011800,  0, 45,0
170,2007-02-20 02:26:29,121.216800,31.011800,  0, 45,0
170,2007-02-20 02:27:30,121.216800,31.011800,  0, 45,0
170,2007-02-20 02:28:31,121.216800,31.011800,  0, 45,0
170,2007-02-20 02:29:31,121.216800,31.011800,  0, 45,0
170,2007-02-20 02:30:33,121.216800,31.011800,  0, 45,0
170,2007-02-20 02:31:34,121.216800,31.011800,  0, 45,0
170,2007-02-20 02:32:13,121.217500,31.012100, 36,  0,0
170,2007-02-20 02:32:29,121.217100,31.014100, 64,  0,0
170,2007-02-20 02:32:45,121.216300,31.015500, 50,135,0
170,2007-02-20 02:33:01,121.213300,31.015300, 76,135,0
170,2007-02-20 02:33:16,121.210300,31.015300, 76,135,0
170,2007-02-20 02:33:33,121.206500,31.015300, 72,135,0
170,2007-02-20 02:33:49,121.204300,31.015100, 32,135,0
170,2007-02-20 02:34:05,121.202100,31.015100, 54,135,0
170,2007-02-20 02:35:06,121.201500,31.015500,  0,135,0
170,2007-02-20 02:36:06,121.201500,31.015500,  0,135,0
170,2007-02-20 02:37:08,121.201500,31.015500,  0,135,0
170,2007-02-20 02:38:09,121.201500,31.015500,  0,135,0
170,2007-02-20 02:39:10,121.201500,31.015500,  0,135,0
170,2007-02-20 02:40:11,121.201500,31.015500,  0,135,0
170,2007-02-20 02:41:11,121.201500,31.015500,  0,135,0
170,2007-02-20 02:42:13,121.201500,31.015500,  0,135,0
170,2007-02-20 02:43:14,121.201500,31.015500,  0,135,0
170,2007-02-20 02:44:15,121.201500,31.015500,  0,135,0
170,2007-02-20 02:45:16,121.201500,31.015500,  0,135,0
170,2007-02-20 02:46:16,121.201500,31.015500,  0,135,0
170,2007-02-20 02:47:43,121.205500,31.018300, 52, 45,0
170,2007-02-20 02:48:15,121.211800,31.018800, 74, 45,0
170,2007-02-20 02:48:46,121.218000,31.018800, 68, 45,0
170,2007-02-20 02:55:31,121.218100,31.008600, 20, 90,0
170,2007-02-20 02:55:46,121.218300,31.007100, 52, 90,0
170,2007-02-20 02:56:03,121.219100,31.005800, 24, 45,0
170,2007-02-20 02:56:19,121.217800,31.005600, 52,135,0
170,2007-02-20 02:56:35,121.215600,31.005800, 52,135,0
170,2007-02-20 02:56:51,121.213800,31.005600, 14, 90,0
170,2007-02-20 02:57:51,121.214000,31.005500,  0, 45,0
170,2007-02-20 02:58:53,121.214000,31.005500,  0, 45,0
170,2007-02-20 02:59:30,121.215300,31.005600, 46, 45,0
170,2007-02-20 02:59:46,121.217600,31.005600, 56, 45,0
170,2007-02-20 03:00:01,121.219100,31.005600, 20,157,0
170,2007-02-20 03:00:18,121.218500,31.006600, 46,  0,0
170,2007-02-20 03:00:34,121.218300,31.008300, 26,  0,0
170,2007-02-20 03:00:50,121.218000,31.009500, 44,  0,0
170,2007-02-20 03:01:06,121.217600,31.011300, 46,  0,0
170,2007-02-20 03:01:21,121.217500,31.012600, 42,  0,0
170,2007-02-20 03:01:38,121.217100,31.014500, 44,  0,0
170,2007-02-20 03:02:09,121.217000,31.015500, 22,  0,0
170,2007-02-20 03:06:36,121.212100,31.020300,  0,135,0
170,2007-02-20 03:07:38,121.212100,31.020300,  0,135,0
170,2007-02-20 03:08:39,121.212100,31.020300,  0,135,0
170,2007-02-20 03:10:41,121.212100,31.020300,  0,135,0
170,2007-02-20 03:11:41,121.212100,31.020300,  0,135,0
170,2007-02-20 03:12:43,121.212100,31.020300,  0,135,0
170,2007-02-20 03:13:44,121.212100,31.020300,  0,135,0
170,2007-02-20 03:15:46,121.212100,31.020300,  0,135,0
170,2007-02-20 03:16:46,121.212100,31.020300,  0,135,0
170,2007-02-20 03:17:48,121.212100,31.020300,  0,135,0
170,2007-02-20 03:19:50,121.212100,31.020300,  0,135,0
170,2007-02-20 03:20:51,121.212100,31.020300,  0,135,0
170,2007-02-20 03:21:51,121.212100,31.020300,  0,135,0
170,2007-02-20 03:23:54,121.212100,31.020300,  0,135,0
170,2007-02-20 03:24:55,121.212100,31.020300,  0,135,0
170,2007-02-20 03:25:56,121.212100,31.020300,  0,135,0
170,2007-02-20 03:26:56,121.212100,31.020300,  0,135,0
170,2007-02-20 03:27:58,121.212100,31.020300,  0,135,0
170,2007-02-20 03:28:59,121.212100,31.020300,  0,135,0
170,2007-02-20 03:30:00,121.212100,31.020300,  0,135,0
170,2007-02-20 03:31:01,121.212100,31.020300,  0,135,0
170,2007-02-20 03:32:02,121.212100,31.020300,  0,135,0
170,2007-02-20 03:33:03,121.212100,31.020300,  0,135,0
170,2007-02-20 03:34:04,121.212100,31.020300,  0,135,0
170,2007-02-20 03:36:06,121.212100,31.020300,  0,135,0
170,2007-02-20 03:37:07,121.212100,31.020300,  0,135,0
170,2007-02-20 03:38:08,121.212100,31.020300,  0,135,0
170,2007-02-20 03:39:09,121.212100,31.020300,  0,135,0
170,2007-02-20 03:40:10,121.212100,31.020300,  0,135,0
170,2007-02-20 03:41:11,121.212100,31.020300,  0,135,0
170,2007-02-20 03:42:12,121.212100,31.020300,  0,135,0
170,2007-02-20 03:43:13,121.212100,31.020300,  0,135,0
170,2007-02-20 03:44:14,121.212100,31.020300,  0,135,0
170,2007-02-20 03:45:15,121.212100,31.020300,  0,135,0
170,2007-02-20 03:46:16,121.212100,31.020300,  0,135,0
170,2007-02-20 03:47:17,121.212100,31.020300,  0,135,0
170,2007-02-20 03:48:18,121.212100,31.020300,  0,135,0
170,2007-02-20 03:49:19,121.212100,31.020300,  0,135,0
170,2007-02-20 03:50:20,121.212100,31.020300,  0,135,0
170,2007-02-20 03:51:21,121.212100,31.020300,  0,135,0
170,2007-02-20 03:52:22,121.212100,31.020300,  0,135,0
170,2007-02-20 03:53:23,121.212100,31.020300,  0,135,0
170,2007-02-20 03:54:24,121.212100,31.020300,  0,135,0
170,2007-02-20 03:55:25,121.212100,31.020300,  0,135,0
170,2007-02-20 03:56:26,121.212100,31.020300,  0,135,0
170,2007-02-20 03:57:27,121.212100,31.020300,  0,135,0
170,2007-02-20 03:58:28,121.212100,31.020300,  0,135,0
170,2007-02-20 03:59:29,121.212100,31.020300,  0,135,0
170,2007-02-20 04:00:30,121.212100,31.020300,  0,135,0
170,2007-02-20 04:01:31,121.212100,31.020300,  0,135,0
170,2007-02-20 04:02:32,121.212100,31.020300,  0,135,0
170,2007-02-20 04:04:34,121.212100,31.020300,  0,135,0
170,2007-02-20 04:05:35,121.212100,31.020300,  0,135,0
170,2007-02-20 04:06:36,121.212100,31.020300,  0,135,0
170,2007-02-20 04:07:37,121.212100,31.020300,  0,135,0
170,2007-02-20 04:08:38,121.212100,31.020300,  0,135,0
170,2007-02-20 04:09:39,121.212100,31.020300,  0,135,0
170,2007-02-20 04:10:40,121.212100,31.020300,  0,135,0
170,2007-02-20 04:11:41,121.212100,31.020300,  0,135,0
170,2007-02-20 04:12:42,121.212100,31.020300,  0,135,0
170,2007-02-20 04:13:43,121.212100,31.020300,  0,135,0
170,2007-02-20 04:14:44,121.212100,31.020300,  0,135,0
170,2007-02-20 04:15:45,121.212100,31.020300,  0,135,0
170,2007-02-20 04:16:46,121.212100,31.020300,  0,135,0
170,2007-02-20 04:17:47,121.212100,31.020300,  0,135,0
170,2007-02-20 04:18:48,121.212100,31.020300,  0,135,0
170,2007-02-20 04:21:51,121.212100,31.020300,  0,135,0
170,2007-02-20 04:22:52,121.212100,31.020300,  0,135,0
170,2007-02-20 04:23:53,121.212100,31.020300,  0,135,0
170,2007-02-20 04:24:54,121.212100,31.020300,  0,135,0
170,2007-02-20 04:25:55,121.212100,31.020300,  0,135,0
170,2007-02-20 04:26:56,121.212100,31.020300,  0,135,0
170,2007-02-20 04:27:57,121.212100,31.020300,  0,135,0
170,2007-02-20 04:28:58,121.212100,31.020300,  0,135,0
170,2007-02-20 04:29:59,121.212100,31.020300,  0,135,0
170,2007-02-20 04:32:01,121.212100,31.020300,  0,135,0
170,2007-02-20 04:33:02,121.212100,31.020300,  0,135,0
170,2007-02-20 04:34:03,121.212100,31.020300,  0,135,0
170,2007-02-20 04:35:04,121.212100,31.020300,  0,135,0
170,2007-02-20 04:36:05,121.212100,31.020300,  0,135,0
170,2007-02-20 04:38:07,121.212100,31.020300,  0,135,0
170,2007-02-20 04:39:08,121.212100,31.020300,  0,135,0
170,2007-02-20 04:40:09,121.212100,31.020300,  0,135,0
170,2007-02-20 04:41:10,121.212100,31.020300,  0,135,0
170,2007-02-20 04:42:11,121.212100,31.020300,  0,135,0
170,2007-02-20 04:43:12,121.212100,31.020300,  0,135,0
170,2007-02-20 04:44:13,121.212100,31.020300,  0,135,0
170,2007-02-20 04:45:14,121.212100,31.020300,  0,135,0
170,2007-02-20 04:46:15,121.212100,31.020300,  0,135,0
170,2007-02-20 04:47:16,121.212100,31.020300,  0,135,0
170,2007-02-20 04:48:17,121.212100,31.020300,  0,135,0
170,2007-02-20 04:49:18,121.212100,31.020300,  0,135,0
170,2007-02-20 04:50:19,121.212100,31.020300,  0,135,0
170,2007-02-20 04:51:20,121.212100,31.020300,  0,135,0
170,2007-02-20 04:52:21,121.212100,31.020300,  0,135,0
170,2007-02-20 04:53:22,121.212100,31.020300,  0,135,0
170,2007-02-20 04:54:23,121.212100,31.020300,  0,135,0
170,2007-02-20 04:55:24,121.212100,31.020300,  0,135,0
170,2007-02-20 04:56:25,121.212100,31.020300,  0,135,0
170,2007-02-20 04:57:26,121.212100,31.020300,  0,135,0
170,2007-02-20 04:58:27,121.212100,31.020300,  0,135,0
170,2007-02-20 04:59:28,121.212100,31.020300,  0,135,0
170,2007-02-20 05:00:29,121.212100,31.020300,  0,135,0
170,2007-02-20 05:02:31,121.212100,31.020300,  0,135,0
170,2007-02-20 05:03:48,121.212100,31.020300,  0,135,0
170,2007-02-20 05:04:49,121.212100,31.020300,  0,135,0
170,2007-02-20 05:05:50,121.212100,31.020300,  0,135,0
170,2007-02-20 05:06:51,121.212100,31.020300,  0,135,0
170,2007-02-20 05:07:52,121.212100,31.020300,  0,135,0
170,2007-02-20 05:08:53,121.212100,31.020300,  0,135,0
170,2007-02-20 05:10:55,121.212100,31.020300,  0,135,0
170,2007-02-20 05:12:57,121.212100,31.020300,  0,135,0
170,2007-02-20 05:13:58,121.212100,31.020300,  0,135,0
170,2007-02-20 05:14:59,121.212100,31.020300,  0,135,0
170,2007-02-20 05:17:01,121.212100,31.020300,  0,135,0
170,2007-02-20 05:18:02,121.212100,31.020300,  0,135,0
170,2007-02-20 05:20:04,121.212100,31.020300,  0,135,0
170,2007-02-20 05:21:05,121.212100,31.020300,  0,135,0
170,2007-02-20 05:22:06,121.212100,31.020300,  0,135,0
170,2007-02-20 05:23:07,121.212100,31.020300,  0,135,0
170,2007-02-20 05:24:08,121.212100,31.020300,  0,135,0
170,2007-02-20 05:25:09,121.212100,31.020300,  0,135,0
170,2007-02-20 05:26:10,121.212100,31.020300,  0,135,0
170,2007-02-20 05:28:12,121.212100,31.020300,  0,135,0
170,2007-02-20 05:29:13,121.212100,31.020300,  0,135,0
170,2007-02-20 05:31:15,121.212100,31.020300,  0,135,0
170,2007-02-20 05:32:16,121.212100,31.020300,  0,135,0
170,2007-02-20 05:33:17,121.212100,31.020300,  0,135,0
170,2007-02-20 05:34:18,121.212100,31.020300,  0,135,0
170,2007-02-20 05:35:19,121.212100,31.020300,  0,135,0
170,2007-02-20 05:36:20,121.212100,31.020300,  0,135,0
170,2007-02-20 05:37:21,121.212100,31.020300,  0,135,0
170,2007-02-20 05:38:22,121.212100,31.020300,  0,135,0
170,2007-02-20 05:39:23,121.212100,31.020300,  0,135,0
170,2007-02-20 05:40:24,121.212100,31.020300,  0,135,0
170,2007-02-20 05:41:25,121.212100,31.020300,  0,135,0
170,2007-02-20 05:42:26,121.212100,31.020300,  0,135,0
170,2007-02-20 05:43:27,121.212100,31.020300,  0,135,0
170,2007-02-20 05:44:28,121.212100,31.020300,  0,135,0
170,2007-02-20 05:45:29,121.212100,31.020300,  0,135,0
170,2007-02-20 05:46:30,121.212100,31.020300,  0,135,0
170,2007-02-20 05:48:32,121.212100,31.020300,  0,135,0
170,2007-02-20 05:49:33,121.212100,31.020300,  0,135,0
170,2007-02-20 05:50:34,121.212100,31.020300,  0,135,0
170,2007-02-20 05:51:35,121.212100,31.020300,  0,135,0
170,2007-02-20 05:52:36,121.212100,31.020300,  0,135,0
170,2007-02-20 05:53:37,121.212100,31.020300,  0,135,0
170,2007-02-20 05:54:38,121.212100,31.020300,  0,135,0
170,2007-02-20 05:55:39,121.212100,31.020300,  0,135,0
170,2007-02-20 05:56:40,121.212100,31.020300,  0,135,0
170,2007-02-20 05:57:41,121.212100,31.020300,  0,135,0
170,2007-02-20 05:58:42,121.212100,31.020300,  0,135,0
170,2007-02-20 05:59:43,121.212100,31.020300,  0,135,0
170,2007-02-20 06:00:44,121.212100,31.020300,  0,135,0
170,2007-02-20 06:01:45,121.212100,31.020300,  0,135,0
170,2007-02-20 06:02:46,121.212100,31.020300,  0,135,0
170,2007-02-20 06:03:47,121.212100,31.020300,  0,135,0
170,2007-02-20 06:04:48,121.212100,31.020300,  0,135,0
170,2007-02-20 06:05:48,121.212100,31.020300,  0,135,0
170,2007-02-20 06:06:49,121.212100,31.020300,  0,135,0
170,2007-02-20 06:07:50,121.212100,31.020300,  0,135,0
170,2007-02-20 06:08:51,121.212100,31.020300,  0,135,0
170,2007-02-20 06:09:52,121.212100,31.020300,  0,135,0
170,2007-02-20 06:11:54,121.212100,31.020300,  0,135,0
170,2007-02-20 06:12:55,121.212100,31.020300,  0,135,0
170,2007-02-20 06:13:56,121.212100,31.020300,  0,135,0
170,2007-02-20 06:14:57,121.212100,31.020300,  0,135,0
170,2007-02-20 06:18:00,121.212100,31.020300,  0,135,0
170,2007-02-20 06:19:01,121.212000,31.020300,  0,135,0
170,2007-02-20 06:20:02,121.212000,31.020300,  0,135,0
170,2007-02-20 06:21:03,121.212000,31.020300,  0,135,0
170,2007-02-20 06:22:04,121.212000,31.020300,  0,135,0
170,2007-02-20 06:23:05,121.212000,31.020300,  0,135,0
170,2007-02-20 06:24:06,121.212000,31.020300,  0,135,0
170,2007-02-20 06:25:07,121.212000,31.020300,  0,135,0
170,2007-02-20 06:27:09,121.212000,31.020300,  0,135,0
170,2007-02-20 06:28:10,121.212000,31.020300,  0,135,0
170,2007-02-20 06:29:11,121.212000,31.020300,  0,135,0
170,2007-02-20 06:30:12,121.212300,31.020300,  0,135,0
170,2007-02-20 06:31:13,121.212500,31.020300,  0,135,0
170,2007-02-20 06:32:14,121.212300,31.020300,  0,135,0
170,2007-02-20 06:34:16,121.212300,31.020100,  0,135,0
170,2007-02-20 06:35:17,121.212100,31.020100,  0,135,0
170,2007-02-20 06:36:18,121.212100,31.020100,  0,135,0
170,2007-02-20 06:37:19,121.212100,31.020100,  0,135,0
170,2007-02-20 06:38:20,121.212100,31.020100,  0,135,0
170,2007-02-20 06:39:21,121.212100,31.020100,  0,135,0
170,2007-02-20 06:40:22,121.212100,31.020100,  0,135,0
170,2007-02-20 06:41:23,121.212100,31.020100,  0,135,0
170,2007-02-20 06:42:24,121.212100,31.020100,  0,135,0
170,2007-02-20 06:43:25,121.212100,31.020100,  0,135,0
170,2007-02-20 06:44:26,121.212100,31.020100,  0,135,0
170,2007-02-20 06:45:27,121.212100,31.020100,  0,135,0
170,2007-02-20 06:46:28,121.212100,31.020100,  0,135,0
170,2007-02-20 06:47:29,121.212100,31.020100,  0,135,0
170,2007-02-20 06:48:30,121.212100,31.020100,  0,135,0
170,2007-02-20 06:49:31,121.212100,31.020100,  0,135,0
170,2007-02-20 06:51:33,121.212100,31.020100,  0,135,0
170,2007-02-20 06:52:34,121.212100,31.020100,  0,135,0
170,2007-02-20 06:53:35,121.212100,31.020100,  0,135,0
170,2007-02-20 06:54:36,121.212100,31.020100,  0,135,0
170,2007-02-20 06:55:37,121.212100,31.020100,  0,135,0
170,2007-02-20 06:56:38,121.212100,31.020100,  0,135,0
170,2007-02-20 06:57:39,121.212100,31.020100,  0,135,0
170,2007-02-20 06:59:41,121.215600,31.020100,  0,135,0
170,2007-02-20 07:00:42,121.215600,31.020100,  0,135,0
170,2007-02-20 07:02:19,121.218100,31.008000, 50, 90,0
170,2007-02-20 07:02:35,121.218600,31.005800, 30, 67,0
170,2007-02-20 07:02:51,121.218300,31.005600, 46,135,0
170,2007-02-20 07:03:07,121.215600,31.005800, 76,135,0
170,2007-02-20 07:04:24,121.214000,31.005600,  0,112,0
170,2007-02-20 07:05:25,121.214000,31.005600,  0,  0,0
170,2007-02-20 07:05:50,121.215100,31.005800, 46, 45,0
170,2007-02-20 07:06:06,121.217300,31.005600, 56, 45,0
170,2007-02-20 07:06:22,121.219100,31.005800, 22,157,0
170,2007-02-20 07:06:38,121.218500,31.007000, 60,  0,0
170,2007-02-20 07:06:54,121.218100,31.008800, 26,  0,0
170,2007-02-20 07:07:10,121.218000,31.010000, 48,  0,0
170,2007-02-20 07:07:26,121.217500,31.012000, 54,  0,0
170,2007-02-20 07:07:42,121.217100,31.014300, 56,  0,0
170,2007-02-20 07:07:58,121.217000,31.015500, 30,  0,0
170,2007-02-20 07:08:14,121.216300,31.017500, 70,  0,0
170,2007-02-20 07:08:30,121.215800,31.020000, 52,  0,0
170,2007-02-20 07:08:49,121.215000,31.020300, 30,135,0
170,2007-02-20 07:11:57,121.212000,31.020300,  0,112,0
170,2007-02-20 07:12:16,121.211100,31.020100, 22, 90,0
170,2007-02-20 07:12:32,121.211600,31.019100, 18, 90,0
170,2007-02-20 07:12:52,121.210600,31.018800, 54,135,0
170,2007-02-20 07:13:08,121.207500,31.018600, 82,135,0
170,2007-02-20 07:13:25,121.205300,31.018500, 44,135,0
170,2007-02-20 07:14:05,121.204100,31.018100, 34, 90,0
170,2007-02-20 07:14:21,121.204300,31.016000, 56, 90,0
170,2007-02-20 07:14:37,121.204300,31.014800, 40, 90,0
170,2007-02-20 07:14:53,121.204300,31.012600, 66, 90,0
170,2007-02-20 07:15:10,121.204500,31.010000, 66, 90,0
170,2007-02-20 07:15:25,121.204500,31.007600, 48, 90,0
170,2007-02-20 07:15:42,121.204500,31.005800, 58, 90,0
170,2007-02-20 07:16:43,121.204500,31.005000,  0, 90,0
170,2007-02-20 07:17:10,121.205500,31.005000, 56, 45,0
170,2007-02-20 07:17:26,121.208300,31.005300, 72, 45,0
170,2007-02-20 07:17:42,121.211100,31.005600, 70, 45,0
170,2007-02-20 07:17:58,121.214300,31.005600, 64, 45,0
170,2007-02-20 07:18:15,121.217500,31.005600, 80, 45,0
170,2007-02-20 07:18:30,121.220500,31.005600, 64, 45,0
170,2007-02-20 07:18:47,121.223800,31.005600, 68, 45,0
170,2007-02-20 07:19:02,121.226000,31.006000, 62, 45,0
170,2007-02-20 07:19:18,121.228500,31.006600, 54, 45,0
170,2007-02-20 07:19:34,121.230300,31.005600, 66, 67,0
170,2007-02-20 07:19:50,121.232100,31.004800, 46, 45,0
170,2007-02-20 07:20:06,121.234000,31.005100, 58, 45,0
170,2007-02-20 07:20:23,121.236600,31.005000, 70, 45,0
170,2007-02-20 07:20:39,121.239600,31.004800, 58, 45,0
170,2007-02-20 07:20:55,121.242100,31.004800, 48, 45,0
170,2007-02-20 07:21:10,121.243500,31.004500, 10, 45,0
170,2007-02-20 07:21:35,121.244600,31.004100, 38, 45,0
170,2007-02-20 07:21:52,121.246500,31.003800, 32, 45,0
170,2007-02-20 07:22:37,121.247800,31.003800, 36, 45,0
170,2007-02-20 07:22:53,121.250300,31.004100, 72, 45,0
170,2007-02-20 07:23:09,121.253500,31.004100, 64, 45,0
170,2007-02-20 07:24:10,121.254000,31.004300,  0, 45,0
170,2007-02-20 07:25:07,121.258500,31.004300, 82, 45,0
170,2007-02-20 07:25:23,121.261600,31.004500, 76, 45,0
170,2007-02-20 07:25:39,121.265100,31.004500, 78, 45,0
170,2007-02-20 07:25:55,121.268600,31.004600, 90, 45,0
170,2007-02-20 07:26:10,121.272300,31.004500, 76, 45,0
170,2007-02-20 07:26:27,121.276100,31.004000, 82, 45,0
170,2007-02-20 07:26:43,121.279800,31.003500, 62, 45,0
170,2007-02-20 07:26:58,121.281800,31.003300, 58, 45,0
170,2007-02-20 07:27:14,121.284300,31.005000, 86, 22,0
170,2007-02-20 07:27:30,121.286000,31.008100, 92, 22,0
